255 1
254 010001
253 0101000
252 01001011
251 01100101
250 010001010
106 010100111
110 010101011
112 010101101
109 010101111
111 010110001
249 010110010
107 010110011
108 010110100
117 010110101
113 010110110
105 010111000
114 010111011
118 010111100
115 010111110
100 011000000
120 011000010
116 011000011
119 011000100
102 011000101
99 011000110
98 011000111
101 011001000
95 011001001
89 011001010
90 011001011
96 011001101
121 011001110
87 011001111
103 011010000
122 011010001
123 011010010
104 011010011
93 011010100
88 011010101
97 011010110
92 011011000
94 011011001
91 011011010
124 011011100
125 011011101
74 011011111
86 011100001
131 011100100
85 011100101
134 011100111
132 011101000
80 011101001
135 011101010
76 011101011
133 011101100
137 011101101
82 011101110
126 011110000
129 011110001
139 011110010
127 011110011
248 011110100
193 011110101
83 011110110
78 011110111
75 011111000
70 011111001
79 011111010
81 011111011
128 011111100
194 011111101
189 011111110
190 0100000000
130 0100000001
188 0100000010
192 0100000011
140 0100000100
73 0100000110
136 0100000111
77 0100001000
191 0100001010
187 0100001011
195 0100001101
71 0100001110
84 0100010000
72 0100010001
138 0100010010
196 0100010011
142 0100010100
141 0100010101
186 0100010110
155 0100010111
164 0100011000
144 0100011001
68 0100011010
145 0100011011
143 0100011100
185 0100011110
67 0100100000
160 0100100001
69 0100100010
156 0100100011
154 0100100100
147 0100100101
178 0100100110
197 0100100111
152 0100101000
157 0100101001
158 0100101010
153 0100101011
161 0100101100
163 0100101101
146 0100101110
183 0100101111
148 0100110000
165 0100110010
151 0100110011
162 0100110100
182 0100110101
247 0100110110
175 0100110111
169 0100111000
179 0100111001
149 0100111010
172 0100111011
171 0100111100
167 0100111101
166 0100111110
159 0100111111
168 0101000000
199 0101000001
198 0101000010
184 0101000011
66 0101000100
150 0101000101
170 0101000111
177 0101001000
176 0101001001
180 0101001010
173 0101001011
181 0101001100
200 0101001101
174 0101001110
65 0101010000
64 0101010010
201 0101010011
204 0101010101
205 0101010110
246 0101010111
202 0101011000
203 0101011001
63 0101011010
206 0101011011
62 0101011111
61 0101100010
60 0101100101
208 0101101001
207 0101101010
245 0101101100
59 0101110000
209 0101110010
57 0101110011
56 0101110101
55 0101110110
54 0101110111
58 0101111001
53 0101111010
244 0101111011
210 0101111100
52 0101111101
212 0101111111
243 0110000000
211 0110000001
242 0110000010
213 0110000100
51 0110000101
50 0110000110
214 0110000111
241 0110001001
237 0110001010
215 0110001011
239 0110001100
238 0110001101
48 0110001110
229 0110001111
240 0110010000
216 0110010010
49 0110010011
235 0110010100
233 0110010101
219 0110010110
236 0110010111
224 0110011000
220 0110011001
221 0110011010
227 0110011011
217 0110011100
230 0110011101
218 0110011110
47 0110011111
234 0110100000
232 0110100010
226 0110100011
228 0110100100
231 0110100101
222 0110100110
223 0110100111
46 0110101000
225 0110101001
45 0110101010
44 0110101101
42 0110101111
41 0110110001
43 0110110010
40 0110110100
38 0110110110
39 0110110111
37 0110111000
36 0110111010
35 0110111100
33 0110111110
34 0111000000
32 0111000001
30 0111000011
31 0111000101
29 0111000111
28 0111001001
27 0111001010
24 0111001100
26 0111001110
22 0111010001
23 0111010011
25 0111011000
21 0111011001
20 0111011010
18 0111011011
15 0111011100
11 0111011101
17 0111100001
16 0111100010
14 0111100011
13 0111100100
10 0111100101
7 0111100110
6 0111100111
